,precision,recall,f1,accuracy
model_0,0.84,0.96,0.9,0.8712984054669703
model_1,0.82,0.97,0.89,0.8553530751708428
model_2,0.59,1.0,0.74,0.5888382687927107
model_3,0.85,0.95,0.9,0.8724373576309795
model_4,0.81,0.98,0.89,0.8507972665148064
model_5,0.78,0.98,0.87,0.8211845102505695
model_6,0.83,0.96,0.89,0.8610478359908884
model_7,0.83,0.98,0.9,0.8656036446469249
model_8,0.81,0.98,0.89,0.8553530751708428
model_9,0.76,0.98,0.86,0.8109339407744874
model_10,0.79,0.97,0.87,0.8348519362186788
model_11,0.81,0.95,0.87,0.837129840546697
model_12,0.94,0.83,0.88,0.8678815489749431
model_13,0.9,0.93,0.92,0.8997722095671982
model_14,0.85,0.95,0.9,0.876993166287016
model_15,0.9,0.91,0.9,0.8872437357630979
model_16,0.66,0.98,0.79,0.6947608200455581
model_17,0.65,0.98,0.78,0.673120728929385
model_18,0.9,0.95,0.92,0.907744874715262
model_19,0.59,1.0,0.74,0.5888382687927107
model_20,0.87,0.9,0.89,0.8633257403189066
